0 1
1 1
0 1
1 2
1 3
1 4
1 5
1 6
1 7
2 7
1 7
3 7
2 7
3 6
3 7
3 5
3 6
3 4
3 5
3 3
3 4
4 3
5 3
4 3
5 4
5 5
5 6
5 7
6 7
5 7
7 7
6 7
8 7
7 7
9 7
8 7
10 7
9 7
11 7
10 7
11 8
11 9
10 9
9 9
8 9
7 9
6 9
5 9
4 9
3 9
3 10
3 11
3 12
3 13
4 13
3 13
5 13
4 13
5 14
5 15
5 16
5 17
4 17
3 17
2 17
1 17
1 18
1 19
2 19
1 19
3 19
2 19
4 19
3 19
5 19
4 19
5 20
5 21
6 21
5 21
7 21
6 21
7 20
7 21
7 19
7 20
8 19
7 19
9 19
8 19
9 20
9 21
10 21
11 21
10 21
12 21
13 21
12 21
14 21
13 21
15 21
14 21
15 20
15 21
15 19
15 20
16 19
15 19
17 19
16 19
18 19
19 19
18 19
20 19
21 19
20 19
21 20
21 21
22 21
Reached destination! 82 { id: 527, y: 22, x: 21, char: "." }
21 20
21 19
19 18
19 19
11 20
11 21
9 20
9 19
5 20
5 19
1 18
1 17
2 17
3 17
4 17
5 17
5 16
5 15
5 14
5 13
3 12
4 11
5 11
4 11
6 11
5 11
7 11
6 11
7 12
7 13
7 14
7 15
7 16
7 17
8 17
7 17
9 17
8 17
9 16
9 17
9 15
9 16
9 14
9 15
9 13
9 14
9 12
9 13
9 11
9 12
10 11
9 11
11 11
10 11
11 12
11 13
12 13
13 13
12 13
13 14
13 15
14 15
13 15
15 15
14 15
16 15
15 15
17 15
16 15
17 16
17 17
16 17
15 17
14 17
13 17
12 17
11 17
11 18
11 19
11 20
11 21
10 21
11 21
12 21
13 21
12 21
14 21
13 21
15 21
14 21
15 20
15 21
15 19
15 20
16 19
15 19
17 19
16 19
18 19
19 19
18 19
20 19
21 19
20 19
21 20
21 21
22 21
Reached destination! 94 { id: 527, y: 22, x: 21, char: "." }
21 20
21 19
19 18
19 19
11 20
11 18
11 17
12 17
13 17
14 17
15 17
16 17
17 17
17 16
17 15
13 14
14 13
15 13
14 13
15 12
15 13
15 11
15 12
16 11
15 11
17 11
16 11
17 12
17 13
18 13
19 13
18 13
19 14
19 15
20 15
19 15
21 15
20 15
21 16
21 17
20 17
19 17
19 18
19 19
18 19
19 19
20 19
21 19
20 19
21 20
21 21
22 21
Reached destination! 86 { id: 527, y: 22, x: 21, char: "." }
21 20
21 19
19 18
20 17
21 17
21 16
21 15
19 14
19 12
19 13
17 12
17 11
13 12
13 13
11 12
11 11
7 16
7 15
7 14
7 13
7 12
7 11
3 10
4 9
5 9
6 9
7 9
8 9
9 9
10 9
11 9
11 8
11 7
5 6
5 5
5 4
6 3
7 3
6 3
7 4
7 5
8 5
7 5
9 5
8 5
9 4
9 5
9 3
9 4
9 2
9 3
9 1
9 2
10 1
9 1
11 1
10 1
12 1
11 1
13 1
12 1
13 2
13 3
12 3
11 3
11 4
11 5
12 5
13 5
12 5
13 6
13 7
14 7
13 7
15 7
14 7
15 8
15 9
14 9
13 9
13 10
13 11
13 12
13 13
12 13
13 13
13 14
13 15
14 15
13 15
15 15
14 15
16 15
15 15
17 15
16 15
17 16
17 17
16 17
15 17
14 17
13 17
12 17
11 17
11 18
11 19
11 20
11 21
10 21
11 21
12 21
13 21
12 21
14 21
13 21
15 21
14 21
15 20
15 21
15 19
15 20
16 19
15 19
17 19
16 19
18 19
19 19
18 19
20 19
21 19
20 19
21 20
21 21
22 21
Reached destination! 82 { id: 527, y: 22, x: 21, char: "." }
21 20
21 19
19 18
19 19
11 20
11 18
11 17
12 17
13 17
14 17
15 17
16 17
17 17
17 16
17 15
13 14
14 13
15 13
14 13
15 12
15 13
15 11
15 12
16 11
15 11
17 11
16 11
17 12
17 13
18 13
19 13
18 13
19 14
19 15
20 15
19 15
21 15
20 15
21 16
21 17
20 17
19 17
19 18
19 19
18 19
19 19
20 19
21 19
20 19
21 20
21 21
22 21
Reached destination! 74 { id: 527, y: 22, x: 21, char: "." }
21 20
21 19
19 18
20 17
21 17
21 16
21 15
19 14
19 12
19 13
17 12
17 11
13 12
13 10
13 9
14 9
15 9
15 8
15 7
13 6
14 5
15 5
14 5
15 4
15 5
15 3
15 4
15 2
15 3
15 1
15 2
16 1
15 1
17 1
16 1
17 2
17 3
18 3
17 3
19 3
18 3
19 2
19 3
19 1
19 2
20 1
19 1
21 1
20 1
21 2
21 3
21 4
21 5
20 5
19 5
19 6
19 7
18 7
17 7
17 8
17 9
18 9
17 9
19 9
18 9
20 9
19 9
21 9
20 9
21 10
21 11
20 11
19 11
19 12
19 13
18 13
19 13
19 14
19 15
20 15
19 15
21 15
20 15
21 16
21 17
20 17
19 17
19 18
19 19
18 19
19 19
20 19
21 19
20 19
21 20
21 21
22 21
Reached destination! 90 { id: 527, y: 22, x: 21, char: "." }
21 20
21 19
19 18
20 17
21 17
21 16
21 15
19 14
19 12
20 11
21 11
21 10
21 9
17 8
17 7
18 7
19 7
19 6
19 5
20 5
21 5
21 4
21 3
21 2
21 1
17 2
17 1
11 4
11 3
12 3
13 3
13 2
13 1
7 4
7 3
1 6
1 5
1 4
1 3
1 2
1 1
94
